14880 19507
28687 20354
29266 12736
781 4247
13636 15440
4773 6172
25672 21835
24277 10607
13422 24200
25419 21934
3574 6090
21114 11619
11 32139
18158 13671
7342 1272
7900 8960
20720 22844
13822 9037
3428 32257
29085 12772
21204 31540
21232 17081
30515 30217
932 17218
14035 23360
4284 14040
26072 32422
18331 29281
21997 21470
26975 15148
17461 9313
10353 19740
25476 26308
9306 3081
22224 6970
22489 25699
12258 20825
11570 7960
18001 15137
11464 11448
31409 28986
31214 11224
14856 19581
4603 11956
21889 30902
412 1048
613 9384
1135 1920
5702 29522
17101 15486
21374 4721
8679 14684
23000 6726
23060 9474
3980 6809
18281 19483
5745 30974
10379 4468
8558 1111
16321 15780
15921 24986
2637 29170
26404 13781
509 17011
29085 12655
7421 15219
11350 24752
32751 22038
16924 25987
5693 8255
13515 32379
1198 7089
1145 32533
10808 6261
22258 7485
8982 3707
13157 14355
538 14980
9820 31726
13379 574
25073 1953
17042 25521
11839 30462
26138 29659
15896 30361
8791 12439
15350 17615
22976 10692
9011 17414
4255 17826
14716 565
21025 9343
15491 22952
27561 26516
6132 3837
29290 24362
14251 4211
18229 25601
18980 14948
3215 24561
